Opt.,Const.,of,B-Spline,vs.,nm
Wavelength_(nm),n_5_gold,k_5_gold,n_20_Pd,k_20_Pd,n_MS_9_to_17,k_MS_9_to_17
210.000000,1.433437,1.295349,0.888004,1.569890,1.149250,1.568724,
211.000000,1.437299,1.295458,0.893035,1.578642,1.152140,1.580317,
212.000000,1.435293,1.296548,0.896134,1.587891,1.154130,1.591780,
213.000000,1.429526,1.301352,0.898168,1.598326,1.155687,1.603618,
214.000000,1.423371,1.311197,0.900201,1.610107,1.157456,1.615993,
215.000000,1.420474,1.324178,0.903094,1.622532,1.160000,1.628454,
216.000000,1.421183,1.337105,0.906789,1.634829,1.163228,1.640445,
217.000000,1.424305,1.348019,0.910970,1.646621,1.166822,1.651694,
218.000000,1.427811,1.356090,0.915220,1.657805,1.170354,1.662166,
219.000000,1.429932,1.362478,0.919265,1.668629,1.173526,1.672194,
220.000000,1.430630,1.368586,0.923130,1.679305,1.176385,1.682082,
221.000000,1.430461,1.375239,0.926895,1.689940,1.179069,1.692002,
222.000000,1.430385,1.382705,0.930671,1.700560,1.181767,1.702008,
223.000000,1.431105,1.390214,0.934517,1.711099,1.184607,1.711997,
224.000000,1.432353,1.396994,0.938410,1.721508,1.187583,1.721880,
225.000000,1.433515,1.402656,0.942309,1.731776,1.190658,1.731613,
226.000000,1.433658,1.407237,0.946162,1.741926,1.193781,1.741184,
227.000000,1.432061,1.411767,0.949949,1.752041,1.196914,1.750632,
228.000000,1.429055,1.417329,0.953722,1.762186,1.200065,1.759996,
229.000000,1.425380,1.424576,0.957552,1.772384,1.203255,1.769293,
230.000000,1.422089,1.433763,0.961517,1.782630,1.206512,1.778527,
231.000000,1.420311,1.444229,0.965686,1.792855,1.209860,1.787675,
232.000000,1.420200,1.454907,0.970058,1.802984,1.213291,1.796705,
233.000000,1.421455,1.465098,0.974613,1.812967,1.216789,1.805600,
234.000000,1.423585,1.474357,0.979328,1.822772,1.220328,1.814354,
235.000000,1.425934,1.482589,0.984177,1.832368,1.223885,1.822968,
236.000000,1.428108,1.490111,0.989123,1.841728,1.227443,1.831459,
237.000000,1.429995,1.497176,0.994120,1.850841,1.230994,1.839837,
238.000000,1.431550,1.503965,0.999117,1.859708,1.234529,1.848113,
239.000000,1.432748,1.510630,1.004060,1.868351,1.238041,1.856298,
240.000000,1.433589,1.517335,1.008907,1.876834,1.241526,1.864410,
241.000000,1.434142,1.524235,1.013676,1.885222,1.244987,1.872466,
242.000000,1.434514,1.531440,1.018401,1.893551,1.248434,1.880478,
243.000000,1.434834,1.539020,1.023124,1.901836,1.251878,1.888451,
244.000000,1.435261,1.546998,1.027896,1.910069,1.255330,1.896389,
245.000000,1.435929,1.555294,1.032744,1.918204,1.258801,1.904285,
246.000000,1.436887,1.563826,1.037659,1.926205,1.262293,1.912133,
247.000000,1.438156,1.572532,1.042626,1.934050,1.265804,1.919927,
248.000000,1.439749,1.581366,1.047625,1.941724,1.269336,1.927667,
249.000000,1.441666,1.590293,1.052636,1.949220,1.272888,1.935348,
250.000000,1.443916,1.599300,1.057642,1.956540,1.276457,1.942966,
251.000000,1.446527,1.608373,1.062632,1.963684,1.280041,1.950517,
252.000000,1.449534,1.617485,1.067592,1.970654,1.283635,1.958001,
253.000000,1.452981,1.626600,1.072513,1.977451,1.287233,1.965415,
254.000000,1.456931,1.635653,1.077385,1.984078,1.290832,1.972761,
255.000000,1.461418,1.644496,1.082197,1.990535,1.294425,1.980041,
256.000000,1.466368,1.652987,1.086938,1.996825,1.298009,1.987256,
257.000000,1.471667,1.661038,1.091599,2.002952,1.301582,1.994410,
258.000000,1.477177,1.668600,1.096167,2.008919,1.305141,2.001504,
259.000000,1.482728,1.675675,1.100634,2.014730,1.308682,2.008541,
260.000000,1.488131,1.682394,1.104989,2.020387,1.312202,2.015525,
261.000000,1.493364,1.688984,1.109219,2.025894,1.315700,2.022460,
262.000000,1.498513,1.695596,1.113306,2.031255,1.319176,2.029349,
263.000000,1.503695,1.702324,1.117233,2.036480,1.322628,2.036197,
264.000000,1.509059,1.709218,1.120981,2.041583,1.326056,2.043007,
265.000000,1.514790,1.716263,1.124529,2.046584,1.329459,2.049783,
266.000000,1.521045,1.723309,1.127866,2.051521,1.332837,2.056533,
267.000000,1.527849,1.730194,1.130998,2.056426,1.336197,2.063263,
268.000000,1.535193,1.736797,1.133939,2.061322,1.339546,2.069976,
269.000000,1.543055,1.743021,1.136703,2.066227,1.342891,2.076674,
270.000000,1.551412,1.748775,1.139308,2.071152,1.346244,2.083353,
271.000000,1.560252,1.753960,1.141772,2.076102,1.349616,2.090007,
272.000000,1.569523,1.758429,1.144105,2.081070,1.353010,2.096616,
273.000000,1.579107,1.762063,1.146307,2.086052,1.356420,2.103167,
274.000000,1.588861,1.764781,1.148376,2.091048,1.359837,2.109650,
275.000000,1.598631,1.766535,1.150308,2.096064,1.363248,2.116058,
276.000000,1.608245,1.767303,1.152097,2.101104,1.366642,2.122390,
277.000000,1.617510,1.767107,1.153737,2.106181,1.370006,2.128643,
278.000000,1.626254,1.766061,1.155226,2.111313,1.373329,2.134820,
279.000000,1.634385,1.764286,1.156570,2.116519,1.376597,2.140926,
280.000000,1.641835,1.761884,1.157780,2.121813,1.379800,2.146966,
281.000000,1.648535,1.758946,1.158865,2.127204,1.382925,2.152946,
282.000000,1.654413,1.755567,1.159835,2.132704,1.385958,2.158877,
283.000000,1.659375,1.751862,1.160699,2.138323,1.388884,2.164774,
284.000000,1.663316,1.748035,1.161466,2.144075,1.391685,2.170668,
285.000000,1.666272,1.744351,1.162157,2.149975,1.394373,2.176598,
286.000000,1.668358,1.741013,1.162794,2.156031,1.396967,2.182590,
287.000000,1.669723,1.738174,1.163401,2.162246,1.399492,2.188659,
288.000000,1.670545,1.735948,1.164004,2.168621,1.401974,2.194817,
289.000000,1.671030,1.734407,1.164629,2.175147,1.404442,2.201066,
290.000000,1.671433,1.733558,1.165306,2.181812,1.406931,2.207401,
291.000000,1.671988,1.733242,1.166054,2.188582,1.409465,2.213792,
292.000000,1.672759,1.733267,1.166874,2.195429,1.412046,2.220210,
293.000000,1.673751,1.733497,1.167758,2.202332,1.414669,2.226638,
294.000000,1.674948,1.733826,1.168699,2.209277,1.417327,2.233063,
295.000000,1.676311,1.734172,1.169687,2.216253,1.420008,2.239474,
296.000000,1.677790,1.734474,1.170711,2.223254,1.422701,2.245868,
297.000000,1.679314,1.734696,1.171758,2.230279,1.425394,2.252246,
298.000000,1.680815,1.734861,1.172818,2.237337,1.428074,2.258619,
299.000000,1.682280,1.735007,1.173895,2.244438,1.430745,2.265001,
300.000000,1.683712,1.735155,1.174995,2.251586,1.433413,2.271398,
301.000000,1.685124,1.735320,1.176123,2.258782,1.436085,2.277814,
302.000000,1.686531,1.735508,1.177289,2.266025,1.438770,2.284252,
303.000000,1.687956,1.735721,1.178499,2.273313,1.441477,2.290711,
304.000000,1.689425,1.735953,1.179763,2.280639,1.444218,2.297187,
305.000000,1.690971,1.736177,1.181090,2.287992,1.447003,2.303670,
306.000000,1.692604,1.736349,1.182480,2.295356,1.449834,2.310143,
307.000000,1.694315,1.736434,1.183925,2.302720,1.452705,2.316595,
308.000000,1.696090,1.736403,1.185422,2.310075,1.455612,2.323018,
309.000000,1.697912,1.736233,1.186962,2.317417,1.458547,2.329407,
310.000000,1.699762,1.735907,1.188538,2.324741,1.461503,2.335758,
311.000000,1.701619,1.735409,1.190143,2.332045,1.464471,2.342069,
312.000000,1.703457,1.734729,1.191768,2.339328,1.467443,2.348340,
313.000000,1.705251,1.733866,1.193406,2.346594,1.470411,2.354577,
314.000000,1.706985,1.732821,1.195054,2.353848,1.473372,2.360788,
315.000000,1.708642,1.731598,1.196712,2.361092,1.476328,2.366976,
316.000000,1.710210,1.730197,1.198377,2.368329,1.479279,2.373146,
317.000000,1.711675,1.728620,1.200050,2.375559,1.482226,2.379300,
318.000000,1.713023,1.726867,1.201729,2.382786,1.485173,2.385439,
319.000000,1.714240,1.724943,1.203414,2.390009,1.488119,2.391565,
320.000000,1.715314,1.722849,1.205105,2.397230,1.491069,2.397677,
321.000000,1.716228,1.720592,1.206801,2.404452,1.494024,2.403774,
322.000000,1.716972,1.718181,1.208503,2.411677,1.496985,2.409855,
323.000000,1.717539,1.715624,1.210214,2.418906,1.499952,2.415917,
324.000000,1.717919,1.712925,1.211934,2.426141,1.502924,2.421960,
325.000000,1.718107,1.710093,1.213666,2.433380,1.505902,2.427982,
326.000000,1.718097,1.707130,1.215413,2.440625,1.508884,2.433984,
327.000000,1.717882,1.704042,1.217177,2.447873,1.511871,2.439963,
328.000000,1.717460,1.700830,1.218960,2.455125,1.514861,2.445920,
329.000000,1.716829,1.697495,1.220766,2.462375,1.517855,2.451854,
330.000000,1.715984,1.694019,1.222596,2.469619,1.520852,2.457764,
331.000000,1.714902,1.690389,1.224447,2.476851,1.523850,2.463650,
332.000000,1.713553,1.686598,1.226317,2.484070,1.526850,2.469510,
333.000000,1.711904,1.682645,1.228203,2.491271,1.529849,2.475345,
334.000000,1.709914,1.678533,1.230101,2.498455,1.532847,2.481154,
335.000000,1.707541,1.674274,1.232008,2.505619,1.535843,2.486938,
336.000000,1.704731,1.669884,1.233921,2.512763,1.538836,2.492695,
337.000000,1.701423,1.665393,1.235835,2.519889,1.541824,2.498428,
338.000000,1.697531,1.660859,1.237747,2.526997,1.544806,2.504136,
339.000000,1.692987,1.656421,1.239654,2.534092,1.547781,2.509822,
340.000000,1.687817,1.652226,1.241555,2.541176,1.550750,2.515487,
341.000000,1.682080,1.648388,1.243452,2.548253,1.553716,2.521133,
342.000000,1.675854,1.644999,1.245345,2.555324,1.556678,2.526761,
343.000000,1.669232,1.642133,1.247235,2.562389,1.559640,2.532369,
344.000000,1.662324,1.639848,1.249122,2.569451,1.562603,2.537959,
345.000000,1.655253,1.638179,1.251009,2.576509,1.565570,2.543528,
346.000000,1.648163,1.637141,1.252896,2.583562,1.568543,2.549075,
347.000000,1.641226,1.636716,1.254785,2.590611,1.571526,2.554596,
348.000000,1.634657,1.636784,1.256678,2.597653,1.574522,2.560087,
349.000000,1.628549,1.637098,1.258572,2.604684,1.577531,2.565537,
350.000000,1.622872,1.637452,1.260467,2.611701,1.580549,2.570941,
351.000000,1.617559,1.637690,1.262356,2.618704,1.583569,2.576292,
352.000000,1.612513,1.637684,1.264238,2.625691,1.586587,2.581588,
353.000000,1.607622,1.637334,1.266109,2.632663,1.589595,2.586826,
354.000000,1.602752,1.636564,1.267963,2.639623,1.592589,2.592005,
355.000000,1.597752,1.635325,1.269797,2.646570,1.595562,2.597122,
356.000000,1.592449,1.633593,1.271607,2.653508,1.598507,2.602180,
357.000000,1.586639,1.631384,1.273387,2.660442,1.601417,2.607176,
358.000000,1.580065,1.628806,1.275132,2.667378,1.604287,2.612114,
359.000000,1.572572,1.626135,1.276841,2.674329,1.607109,2.616996,
360.000000,1.564156,1.623613,1.278519,2.681301,1.609878,2.621824,
361.000000,1.554856,1.621434,1.280170,2.688302,1.612588,2.626603,
362.000000,1.544738,1.619765,1.281800,2.695337,1.615234,2.631334,
363.000000,1.533888,1.618748,1.283414,2.702407,1.617810,2.636023,
364.000000,1.522408,1.618506,1.285018,2.709517,1.620310,2.640674,
365.000000,1.510419,1.619143,1.286617,2.716669,1.622728,2.645292,
366.000000,1.498054,1.620745,1.288216,2.723862,1.625056,2.649883,
367.000000,1.485466,1.623375,1.289823,2.731098,1.627288,2.654455,
368.000000,1.472830,1.627068,1.291443,2.738375,1.629414,2.659019,
369.000000,1.460337,1.631793,1.293081,2.745691,1.631425,2.663594,
370.000000,1.448120,1.637461,1.294742,2.753043,1.633324,2.668202,
371.000000,1.436262,1.643995,1.296429,2.760428,1.635121,2.672862,
372.000000,1.424835,1.651331,1.298143,2.767843,1.636828,2.677587,
373.000000,1.413906,1.659405,1.299887,2.775285,1.638456,2.682387,
374.000000,1.403533,1.668156,1.301664,2.782754,1.640019,2.687271,
375.000000,1.393771,1.677523,1.303475,2.790246,1.641532,2.692245,
376.000000,1.384674,1.687442,1.305324,2.797758,1.643008,2.697313,
377.000000,1.376291,1.697848,1.307211,2.805289,1.644463,2.702477,
378.000000,1.368673,1.708669,1.309139,2.812835,1.645912,2.707736,
379.000000,1.361873,1.719827,1.311111,2.820394,1.647373,2.713088,
380.000000,1.355949,1.731224,1.313128,2.827960,1.648864,2.718525,
381.000000,1.350931,1.742715,1.315193,2.835527,1.650396,2.724029,
382.000000,1.346790,1.754166,1.317303,2.843091,1.651974,2.729585,
383.000000,1.343480,1.765471,1.319456,2.850646,1.653596,2.735181,
384.000000,1.340947,1.776541,1.321650,2.858191,1.655262,2.740808,
385.000000,1.339129,1.787300,1.323883,2.865721,1.656971,2.746457,
386.000000,1.337964,1.797684,1.326152,2.873236,1.658720,2.752124,
387.000000,1.337381,1.807640,1.328455,2.880732,1.660508,2.757800,
388.000000,1.337313,1.817125,1.330790,2.888208,1.662330,2.763482,
389.000000,1.337687,1.826105,1.333154,2.895662,1.664186,2.769166,
390.000000,1.338431,1.834554,1.335544,2.903095,1.666070,2.774847,
391.000000,1.339468,1.842457,1.337958,2.910504,1.667980,2.780522,
392.000000,1.340719,1.849811,1.340393,2.917890,1.669913,2.786191,
393.000000,1.342112,1.856642,1.342848,2.925254,1.671864,2.791851,
394.000000,1.343603,1.862977,1.345319,2.932596,1.673833,2.797503,
395.000000,1.345154,1.868835,1.347807,2.939917,1.675816,2.803145,
396.000000,1.346730,1.874233,1.350310,2.947216,1.677812,2.808778,
397.000000,1.348300,1.879188,1.352827,2.954494,1.679821,2.814399,
398.000000,1.349832,1.883714,1.355358,2.961752,1.681839,2.820010,
399.000000,1.351297,1.887827,1.357900,2.968989,1.683865,2.825609,
400.000000,1.352666,1.891542,1.360453,2.976206,1.685897,2.831197,
401.000000,1.353908,1.894878,1.363017,2.983402,1.687935,2.836771,
402.000000,1.354994,1.897851,1.365589,2.990579,1.689975,2.842334,
403.000000,1.355893,1.900483,1.368170,2.997737,1.692017,2.847885,
404.000000,1.356572,1.902797,1.370758,3.004876,1.694058,2.853424,
405.000000,1.356994,1.904828,1.373352,3.011996,1.696097,2.858952,
406.000000,1.357132,1.906633,1.375952,3.019099,1.698132,2.864470,
407.000000,1.356985,1.908265,1.378556,3.026185,1.700162,2.869980,
408.000000,1.356562,1.909767,1.381166,3.033256,1.702188,2.875484,
409.000000,1.355874,1.911174,1.383780,3.040311,1.704208,2.880982,
410.000000,1.354936,1.912518,1.386399,3.047352,1.706223,2.886475,
411.000000,1.353761,1.913824,1.389022,3.054378,1.708234,2.891963,
412.000000,1.352369,1.915118,1.391650,3.061391,1.710239,2.897449,
413.000000,1.350777,1.916417,1.394282,3.068390,1.712239,2.902930,
414.000000,1.349006,1.917740,1.396917,3.075375,1.714234,2.908409,
415.000000,1.347077,1.919101,1.399557,3.082348,1.716224,2.913886,
416.000000,1.345012,1.920509,1.402201,3.089308,1.718209,2.919362,
417.000000,1.342836,1.921973,1.404848,3.096255,1.720189,2.924836,
418.000000,1.340575,1.923496,1.407499,3.103191,1.722165,2.930309,
419.000000,1.338259,1.925073,1.410154,3.110115,1.724135,2.935781,
420.000000,1.335907,1.926684,1.412812,3.117027,1.726100,2.941254,
421.000000,1.333529,1.928314,1.415474,3.123928,1.728061,2.946728,
422.000000,1.331129,1.929951,1.418139,3.130819,1.730018,2.952203,
423.000000,1.328712,1.931585,1.420808,3.137699,1.731972,2.957680,
424.000000,1.326280,1.933208,1.423481,3.144568,1.733922,2.963158,
425.000000,1.323836,1.934812,1.426158,3.151427,1.735869,2.968638,
426.000000,1.321381,1.936390,1.428839,3.158276,1.737814,2.974121,
427.000000,1.318917,1.937936,1.431525,3.165115,1.739758,2.979606,
428.000000,1.316447,1.939444,1.434214,3.171943,1.741699,2.985093,
429.000000,1.313971,1.940906,1.436908,3.178762,1.743640,2.990583,
430.000000,1.311492,1.942317,1.439606,3.185571,1.745580,2.996075,
431.000000,1.309011,1.943670,1.442309,3.192370,1.747520,3.001570,
432.000000,1.306530,1.944958,1.445017,3.199159,1.749460,3.007067,
433.000000,1.304054,1.946171,1.447729,3.205938,1.751402,3.012566,
434.000000,1.301587,1.947297,1.450446,3.212707,1.753344,3.018067,
435.000000,1.299125,1.948316,1.453168,3.219465,1.755289,3.023569,
436.000000,1.296660,1.949214,1.455895,3.226212,1.757235,3.029072,
437.000000,1.294181,1.949978,1.458627,3.232949,1.759183,3.034575,
438.000000,1.291677,1.950598,1.461363,3.239675,1.761133,3.040079,
439.000000,1.289134,1.951066,1.464104,3.246390,1.763085,3.045583,
440.000000,1.286541,1.951375,1.466848,3.253094,1.765040,3.051087,
441.000000,1.283883,1.951521,1.469597,3.259787,1.766996,3.056590,
442.000000,1.281147,1.951498,1.472350,3.266469,1.768954,3.062092,
443.000000,1.278319,1.951305,1.475106,3.273140,1.770915,3.067594,
444.000000,1.275384,1.950938,1.477866,3.279800,1.772877,3.073094,
445.000000,1.272329,1.950397,1.480629,3.286448,1.774842,3.078593,
446.000000,1.269137,1.949683,1.483395,3.293086,1.776809,3.084091,
447.000000,1.265793,1.948797,1.486164,3.299713,1.778778,3.089587,
448.000000,1.262280,1.947742,1.488936,3.306329,1.780749,3.095081,
449.000000,1.258582,1.946523,1.491710,3.312935,1.782722,3.100573,
450.000000,1.254681,1.945150,1.494487,3.319530,1.784697,3.106063,
451.000000,1.250563,1.943640,1.497266,3.326114,1.786674,3.111550,
452.000000,1.246223,1.942003,1.500047,3.332689,1.788653,3.117035,
453.000000,1.241654,1.940250,1.502830,3.339254,1.790635,3.122517,
454.000000,1.236851,1.938391,1.505616,3.345809,1.792617,3.127996,
455.000000,1.231807,1.936435,1.508404,3.352355,1.794602,3.133472,
456.000000,1.226519,1.934391,1.511195,3.358891,1.796587,3.138944,
457.000000,1.220981,1.932265,1.513988,3.365418,1.798574,3.144414,
458.000000,1.215189,1.930067,1.516783,3.371936,1.800563,3.149879,
459.000000,1.209139,1.927804,1.519582,3.378444,1.802552,3.155341,
460.000000,1.202826,1.925484,1.522383,3.384943,1.804543,3.160800,
461.000000,1.196246,1.923113,1.525186,3.391433,1.806534,3.166255,
462.000000,1.189396,1.920699,1.527993,3.397913,1.808526,3.171706,
463.000000,1.182271,1.918249,1.530802,3.404384,1.810518,3.177153,
464.000000,1.174867,1.915769,1.533615,3.410846,1.812511,3.182596,
465.000000,1.167181,1.913267,1.536430,3.417298,1.814505,3.188035,
466.000000,1.159211,1.910749,1.539249,3.423741,1.816498,3.193471,
467.000000,1.150953,1.908218,1.542071,3.430174,1.818491,3.198902,
468.000000,1.142401,1.905677,1.544896,3.436598,1.820484,3.204329,
469.000000,1.133547,1.903129,1.547724,3.443011,1.822477,3.209753,
470.000000,1.124382,1.900581,1.550555,3.449415,1.824470,3.215173,
471.000000,1.114895,1.898039,1.553389,3.455808,1.826462,3.220588,
472.000000,1.105078,1.895511,1.556226,3.462192,1.828453,3.226000,
473.000000,1.094919,1.893005,1.559065,3.468564,1.830444,3.231408,
474.000000,1.084407,1.890533,1.561907,3.474927,1.832434,3.236812,
475.000000,1.073532,1.888104,1.564752,3.481279,1.834423,3.242212,
476.000000,1.062282,1.885732,1.567598,3.487621,1.836411,3.247608,
477.000000,1.050645,1.883431,1.570447,3.493952,1.838398,3.253001,
478.000000,1.038609,1.881215,1.573299,3.500273,1.840383,3.258390,
479.000000,1.026163,1.879101,1.576152,3.506583,1.842367,3.263775,
480.000000,1.013293,1.877108,1.579007,3.512882,1.844350,3.269157,
481.000000,0.999986,1.875257,1.581864,3.519172,1.846331,3.274535,
482.000000,0.986229,1.873572,1.584723,3.525450,1.848310,3.279910,
483.000000,0.972007,1.872078,1.587583,3.531718,1.850287,3.285282,
484.000000,0.957306,1.870807,1.590445,3.537976,1.852262,3.290650,
485.000000,0.942108,1.869798,1.593308,3.544223,1.854234,3.296015,
486.000000,0.926403,1.869110,1.596172,3.550459,1.856205,3.301378,
487.000000,0.910206,1.868799,1.599037,3.556685,1.858173,3.306738,
488.000000,0.893538,1.868914,1.601903,3.562901,1.860138,3.312097,
489.000000,0.876426,1.869497,1.604770,3.569106,1.862101,3.317453,
490.000000,0.858900,1.870586,1.607638,3.575300,1.864063,3.322808,
491.000000,0.840991,1.872217,1.610507,3.581485,1.866022,3.328161,
492.000000,0.822734,1.874421,1.613377,3.587659,1.867980,3.333513,
493.000000,0.804166,1.877226,1.616247,3.593822,1.869936,3.338863,
494.000000,0.785327,1.880656,1.619117,3.599976,1.871890,3.344212,
495.000000,0.766257,1.884734,1.621988,3.606118,1.873843,3.349560,
496.000000,0.747001,1.889476,1.624859,3.612251,1.875794,3.354907,
497.000000,0.727602,1.894897,1.627730,3.618374,1.877745,3.360253,
498.000000,0.708107,1.901005,1.630602,3.624486,1.879694,3.365598,
499.000000,0.688561,1.907808,1.633473,3.630589,1.881642,3.370942,
500.000000,0.669012,1.915306,1.636345,3.636681,1.883590,3.376285,
501.000000,0.649507,1.923497,1.639216,3.642763,1.885537,3.381627,
502.000000,0.630094,1.932374,1.642087,3.648835,1.887484,3.386968,
503.000000,0.610819,1.941924,1.644958,3.654897,1.889430,3.392308,
504.000000,0.591729,1.952131,1.647828,3.660949,1.891376,3.397647,
505.000000,0.572868,1.962972,1.650698,3.666991,1.893322,3.402985,
506.000000,0.554275,1.974411,1.653567,3.673024,1.895269,3.408321,
507.000000,0.535977,1.986415,1.656435,3.679046,1.897215,3.413657,
508.000000,0.517996,1.998955,1.659303,3.685059,1.899161,3.418991,
509.000000,0.500353,2.012000,1.662170,3.691063,1.901108,3.424324,
510.000000,0.483066,2.025522,1.665037,3.697056,1.903055,3.429655,
511.000000,0.466150,2.039493,1.667902,3.703040,1.905002,3.434984,
512.000000,0.449619,2.053884,1.670767,3.709015,1.906950,3.440312,
513.000000,0.433484,2.068667,1.673630,3.714980,1.908898,3.445639,
514.000000,0.417755,2.083816,1.676493,3.720936,1.910846,3.450963,
515.000000,0.402441,2.099303,1.679354,3.726882,1.912795,3.456286,
516.000000,0.387549,2.115101,1.682214,3.732819,1.914744,3.461606,
517.000000,0.373081,2.131185,1.685073,3.738746,1.916694,3.466925,
518.000000,0.359044,2.147530,1.687931,3.744665,1.918644,3.472242,
519.000000,0.345438,2.164110,1.690787,3.750574,1.920594,3.477557,
520.000000,0.332265,2.180901,1.693642,3.756474,1.922545,3.482869,
521.000000,0.319526,2.197881,1.696496,3.762364,1.924496,3.488180,
522.000000,0.307218,2.215025,1.699348,3.768246,1.926448,3.493488,
523.000000,0.295341,2.232311,1.702199,3.774118,1.928401,3.498794,
524.000000,0.283891,2.249717,1.705048,3.779982,1.930354,3.504098,
525.000000,0.272867,2.267220,1.707896,3.785836,1.932307,3.509399,
526.000000,0.262264,2.284798,1.710741,3.791682,1.934261,3.514698,
527.000000,0.252078,2.302426,1.713586,3.797518,1.936215,3.519995,
528.000000,0.242298,2.320077,1.716428,3.803345,1.938170,3.525289,
529.000000,0.232908,2.337730,1.719269,3.809163,1.940125,3.530580,
530.000000,0.223892,2.355367,1.722107,3.814972,1.942081,3.535869,
531.000000,0.215235,2.372974,1.724944,3.820772,1.944038,3.541155,
532.000000,0.206920,2.390539,1.727778,3.826564,1.945994,3.546439,
533.000000,0.198933,2.408050,1.730611,3.832345,1.947952,3.551719,
534.000000,0.191259,2.425498,1.733440,3.838119,1.949909,3.556997,
535.000000,0.183884,2.442875,1.736268,3.843883,1.951867,3.562272,
536.000000,0.176794,2.460175,1.739092,3.849638,1.953826,3.567544,
537.000000,0.169974,2.477392,1.741914,3.855385,1.955784,3.572813,
538.000000,0.163412,2.494521,1.744733,3.861123,1.957743,3.578079,
539.000000,0.157096,2.511558,1.747550,3.866852,1.959702,3.583342,
540.000000,0.151013,2.528501,1.750363,3.872572,1.961661,3.588602,
541.000000,0.145152,2.545346,1.753173,3.878284,1.963621,3.593859,
542.000000,0.139500,2.562092,1.755979,3.883988,1.965581,3.599112,
543.000000,0.134048,2.578737,1.758782,3.889683,1.967541,3.604363,
544.000000,0.128784,2.595283,1.761582,3.895370,1.969501,3.609610,
545.000000,0.123699,2.611727,1.764378,3.901048,1.971461,3.614854,
546.000000,0.118783,2.628072,1.767171,3.906719,1.973421,3.620095,
547.000000,0.114027,2.644318,1.769959,3.912382,1.975381,3.625333,
548.000000,0.109420,2.660467,1.772744,3.918036,1.977341,3.630567,
549.000000,0.104956,2.676522,1.775524,3.923683,1.979301,3.635797,
550.000000,0.100626,2.692485,1.778300,3.929323,1.981261,3.641025,
551.000000,0.096421,2.708364,1.781072,3.934955,1.983221,3.646248,
552.000000,0.092340,2.724163,1.783839,3.940579,1.985181,3.651469,
553.000000,0.088380,2.739886,1.786602,3.946197,1.987140,3.656685,
554.000000,0.084538,2.755535,1.789361,3.951808,1.989100,3.661897,
555.000000,0.080813,2.771113,1.792115,3.957412,1.991059,3.667106,
556.000000,0.077202,2.786622,1.794864,3.963010,1.993017,3.672311,
557.000000,0.073703,2.802062,1.797609,3.968601,1.994974,3.677511,
558.000000,0.070315,2.817434,1.800349,3.974185,1.996931,3.682708,
559.000000,0.067035,2.832740,1.803084,3.979764,1.998887,3.687901,
560.000000,0.063863,2.847980,1.805815,3.985337,2.000842,3.693090,
561.000000,0.060795,2.863155,1.808541,3.990903,2.002795,3.698275,
562.000000,0.057830,2.878265,1.811262,3.996464,2.004747,3.703457,
563.000000,0.054967,2.893311,1.813979,4.002019,2.006698,3.708634,
564.000000,0.052204,2.908292,1.816691,4.007569,2.008647,3.713807,
565.000000,0.049539,2.923209,1.819397,4.013114,2.010594,3.718977,
566.000000,0.046971,2.938062,1.822099,4.018653,2.012540,3.724143,
567.000000,0.044499,2.952851,1.824796,4.024188,2.014483,3.729305,
568.000000,0.042120,2.967577,1.827488,4.029717,2.016424,3.734463,
569.000000,0.039833,2.982237,1.830175,4.035242,2.018363,3.739618,
570.000000,0.037637,2.996833,1.832857,4.040762,2.020300,3.744770,
571.000000,0.035531,3.011365,1.835533,4.046278,2.022233,3.749918,
572.000000,0.033512,3.025831,1.838205,4.051791,2.024164,3.755063,
573.000000,0.031581,3.040231,1.840871,4.057299,2.026093,3.760205,
574.000000,0.029735,3.054565,1.843531,4.062803,2.028017,3.765343,
575.000000,0.027973,3.068832,1.846186,4.068304,2.029939,3.770479,
576.000000,0.026293,3.083030,1.848835,4.073802,2.031857,3.775613,
577.000000,0.024696,3.097157,1.851479,4.079298,2.033771,3.780745,
578.000000,0.023176,3.111213,1.854117,4.084792,2.035681,3.785875,
579.000000,0.021732,3.125195,1.856750,4.090284,2.037588,3.791004,
580.000000,0.020360,3.139104,1.859377,4.095776,2.039491,3.796133,
581.000000,0.019058,3.152939,1.862000,4.101267,2.041391,3.801261,
582.000000,0.017822,3.166700,1.864619,4.106758,2.043288,3.806389,
583.000000,0.016651,3.180387,1.867235,4.112249,2.045182,3.811517,
584.000000,0.015541,3.194001,1.869847,4.117740,2.047074,3.816644,
585.000000,0.014490,3.207541,1.872456,4.123231,2.048963,3.821773,
586.000000,0.013496,3.221008,1.875062,4.128723,2.050850,3.826901,
587.000000,0.012556,3.234402,1.877666,4.134215,2.052736,3.832031,
588.000000,0.011668,3.247724,1.880269,4.139708,2.054619,3.837161,
589.000000,0.010830,3.260974,1.882870,4.145202,2.056502,3.842292,
590.000000,0.010039,3.274153,1.885470,4.150696,2.058383,3.847423,
591.000000,0.009295,3.287262,1.888069,4.156190,2.060263,3.852556,
592.000000,0.008593,3.300300,1.890669,4.161686,2.062142,3.857689,
593.000000,0.007934,3.313269,1.893268,4.167182,2.064021,3.862823,
594.000000,0.007314,3.326170,1.895869,4.172678,2.065900,3.867959,
595.000000,0.006732,3.339003,1.898470,4.178175,2.067779,3.873095,
596.000000,0.006187,3.351768,1.901072,4.183672,2.069658,3.878232,
597.000000,0.005676,3.364467,1.903677,4.189170,2.071538,3.883369,
598.000000,0.005198,3.377101,1.906283,4.194667,2.073418,3.888508,
599.000000,0.004751,3.389671,1.908893,4.200164,2.075300,3.893647,
600.000000,0.004333,3.402176,1.911505,4.205661,2.077183,3.898787,
601.000000,0.003944,3.414618,1.914120,4.211156,2.079067,3.903927,
602.000000,0.003581,3.426999,1.916740,4.216651,2.080953,3.909068,
603.000000,0.003244,3.439318,1.919364,4.222145,2.082841,3.914208,
604.000000,0.002931,3.451577,1.921992,4.227636,2.084732,3.919348,
605.000000,0.002640,3.463777,1.924626,4.233125,2.086625,3.924489,
606.000000,0.002371,3.475919,1.927266,4.238610,2.088521,3.929627,
607.000000,0.002122,3.488004,1.929911,4.244091,2.090421,3.934765,
608.000000,0.001892,3.500033,1.932561,4.249566,2.092323,3.939901,
609.000000,0.001681,3.512007,1.935216,4.255036,2.094227,3.945034,
610.000000,0.001487,3.523926,1.937875,4.260499,2.096135,3.950165,
611.000000,0.001309,3.535792,1.940539,4.265956,2.098044,3.955294,
612.000000,0.001148,3.547605,1.943206,4.271407,2.099956,3.960419,
613.000000,0.001001,3.559366,1.945877,4.276849,2.101870,3.965542,
614.000000,0.000867,3.571077,1.948552,4.282284,2.103786,3.970661,
615.000000,0.000747,3.582737,1.951229,4.287711,2.105704,3.975777,
616.000000,0.000639,3.594348,1.953908,4.293130,2.107624,3.980889,
617.000000,0.000542,3.605911,1.956590,4.298541,2.109545,3.985997,
618.000000,0.000457,3.617426,1.959274,4.303943,2.111468,3.991102,
619.000000,0.000381,3.628895,1.961959,4.309336,2.113391,3.996203,
620.000000,0.000314,3.640317,1.964645,4.314721,2.115316,4.001299,
621.000000,0.000256,3.651694,1.967332,4.320096,2.117242,4.006392,
622.000000,0.000206,3.663027,1.970020,4.325463,2.119168,4.011481,
623.000000,0.000163,3.674316,1.972707,4.330821,2.121095,4.016565,
624.000000,0.000127,3.685562,1.975394,4.336169,2.123022,4.021645,
625.000000,0.000096,3.696767,1.978080,4.341508,2.124949,4.026721,
626.000000,0.000071,3.707930,1.980765,4.346839,2.126876,4.031792,
627.000000,0.000051,3.719052,1.983449,4.352160,2.128803,4.036860,
628.000000,0.000036,3.730135,1.986130,4.357473,2.130730,4.041923,
629.000000,0.000023,3.741179,1.988810,4.362777,2.132656,4.046981,
630.000000,0.000015,3.752187,1.991487,4.368072,2.134581,4.052035,
631.000000,0.000008,3.763141,1.994160,4.373358,2.136505,4.057085,
632.000000,0.000004,3.774085,1.996831,4.378635,2.138428,4.062131,
633.000000,0.000002,3.784959,1.999498,4.383904,2.140350,4.067173,
634.000000,0.000001,3.795408,2.002160,4.389166,2.142270,4.072210,
635.000000,0.000001,3.805130,2.004818,4.394420,2.144189,4.077244,
636.000000,0.000000,3.814109,2.007471,4.399666,2.146105,4.082274,
637.000000,0.000001,3.825123,2.010118,4.404906,2.148019,4.087300,
638.000000,0.000001,3.839077,2.012760,4.410139,2.149931,4.092324,
639.000000,0.000001,3.849394,2.015396,4.415368,2.151840,4.097344,
640.000000,0.000001,3.862525,2.018027,4.420591,2.153748,4.102362,
641.000000,0.000001,3.872163,2.020653,4.425810,2.155653,4.107377,
642.000000,0.000001,3.878484,2.023273,4.431025,2.157556,4.112390,
643.000000,0.000001,3.893607,2.025889,4.436235,2.159457,4.117400,
644.000000,0.000001,3.905408,2.028500,4.441442,2.161355,4.122408,
645.000000,0.000001,3.914018,2.031106,4.446646,2.163252,4.127414,
646.000000,0.000001,3.925415,2.033709,4.451847,2.165147,4.132419,
647.000000,0.000001,3.933776,2.036306,4.457045,2.167039,4.137421,
648.000000,0.000001,3.945001,2.038900,4.462240,2.168930,4.142422,
649.000000,0.000001,3.953336,2.041490,4.467432,2.170819,4.147421,
650.000000,0.000001,3.964653,2.044076,4.472622,2.172706,4.152419,
651.000000,0.000001,3.973237,2.046659,4.477810,2.174592,4.157414,
652.000000,0.000001,3.984945,2.049238,4.482996,2.176475,4.162409,
653.000000,0.000001,3.999902,2.051814,4.488180,2.178357,4.167403,
654.000000,0.000001,4.012396,2.054388,4.493362,2.180238,4.172394,
655.000000,0.000001,4.016598,2.056958,4.498542,2.182117,4.177385,
656.000000,0.000001,4.030215,2.059526,4.503721,2.183995,4.182374,
657.000000,0.000001,4.041610,2.062091,4.508897,2.185871,4.187363,
658.000000,0.000001,4.038825,2.064654,4.514072,2.187746,4.192350,
659.000000,0.000001,4.057911,2.067215,4.519246,2.189620,4.197336,
660.000000,0.000001,4.062901,2.069775,4.524418,2.191492,4.202321,
661.000000,0.000001,4.078217,2.072332,4.529589,2.193364,4.207305,
662.000000,0.000001,4.091795,2.074888,4.534758,2.195234,4.212288,
663.000000,0.000001,4.103667,2.077443,4.539926,2.197103,4.217270,
664.000000,0.000001,4.113864,2.079997,4.545092,2.198972,4.222250,
665.000000,0.000001,4.122420,2.082549,4.550257,2.200839,4.227231,
666.000000,0.000001,4.129358,2.085101,4.555420,2.202705,4.232210,
667.000000,0.000001,4.134711,2.087652,4.560582,2.204571,4.237188,
668.000000,0.000001,4.152378,2.090203,4.565742,2.206436,4.242165,
669.000000,0.000001,4.169054,2.092753,4.570901,2.208300,4.247141,
670.000000,0.000001,4.170231,2.095304,4.576058,2.210163,4.252117,
671.000000,0.000001,4.184704,2.097854,4.581213,2.212026,4.257091,
672.000000,0.000000,4.183297,2.100405,4.586366,2.213888,4.262065,
673.000000,0.000000,4.196194,2.102956,4.591517,2.215750,4.267038,
674.000000,0.000000,4.208968,2.105507,4.596666,2.217611,4.272010,
675.000000,0.000000,4.221955,2.108059,4.601812,2.219472,4.276981,
676.000000,0.000000,4.218928,2.110612,4.606956,2.221332,4.281951,
677.000000,0.000000,4.232945,2.113165,4.612096,2.223192,4.286921,
678.000000,0.000000,4.248237,2.115718,4.617234,2.225052,4.291890,
679.000000,0.000000,4.265192,2.118272,4.622369,2.226911,4.296857,
680.000000,0.000000,4.265866,2.120826,4.627501,2.228770,4.301825,
681.000000,0.000000,4.268130,2.123381,4.632630,2.230630,4.306790,
682.000000,0.000000,4.291365,2.125937,4.637756,2.232489,4.311756,
683.000000,0.000000,4.298245,2.128493,4.642879,2.234348,4.316720,
684.000000,0.000000,4.307820,2.131050,4.647999,2.236207,4.321683,
685.000000,0.000000,4.320483,2.133607,4.653115,2.238066,4.326646,
686.000000,0.000000,4.336626,2.136165,4.658228,2.239925,4.331608,
687.000000,0.000000,4.335454,2.138723,4.663337,2.241785,4.336568,
688.000000,0.000000,4.359249,2.141282,4.668443,2.243644,4.341528,
689.000000,0.000000,4.365750,2.143842,4.673545,2.245504,4.346487,
690.000000,0.000000,4.376498,2.146402,4.678644,2.247364,4.351445,
691.000000,0.000000,4.369600,2.148962,4.683739,2.249224,4.356401,
692.000000,0.000000,4.389542,2.151524,4.688830,2.251085,4.361357,
693.000000,0.000000,4.392153,2.154085,4.693917,2.252946,4.366312,
694.000000,0.000000,4.399933,2.156648,4.699001,2.254808,4.371265,
695.000000,0.000000,4.413132,2.159211,4.704080,2.256670,4.376217,
696.000000,0.000000,4.432010,2.161775,4.709156,2.258532,4.381169,
697.000000,0.000000,4.434240,2.164339,4.714227,2.260395,4.386118,
698.000000,0.000000,4.442665,2.166903,4.719295,2.262259,4.391068,
699.000000,0.000000,4.457418,2.169469,4.724358,2.264123,4.396015,
700.000000,0.000000,4.456845,2.172035,4.729417,2.265988,4.400961,
701.000000,0.000000,4.484736,2.174601,4.734472,2.267854,4.405906,
702.000000,0.000000,4.476875,2.177168,4.739523,2.269721,4.410849,
703.000000,0.000000,4.497482,2.179736,4.744569,2.271588,4.415791,
704.000000,0.000000,4.504912,2.182304,4.749611,2.273456,4.420732,
705.000000,0.000000,4.500556,2.184872,4.754648,2.275325,4.425671,
706.000000,0.000000,4.523729,2.187442,4.759681,2.277195,4.430608,
707.000000,0.000000,4.535781,2.190012,4.764709,2.279066,4.435544,
708.000000,0.000000,4.538125,2.192582,4.769733,2.280937,4.440477,
709.000000,0.000000,4.549408,2.195153,4.774752,2.282810,4.445409,
710.000000,0.000000,4.556616,2.197725,4.779766,2.284684,4.450340,
711.000000,0.000001,4.569926,2.200297,4.784774,2.286560,4.455268,
712.000000,0.000001,4.579920,2.202870,4.789778,2.288436,4.460194,
713.000000,0.000001,4.588295,2.205443,4.794776,2.290313,4.465117,
714.000000,0.000002,4.598090,2.208016,4.799769,2.292192,4.470038,
715.000000,0.000004,4.607524,2.210590,4.804757,2.294071,4.474957,
716.000000,0.000006,4.616965,2.213164,4.809739,2.295951,4.479873,
717.000000,0.000009,4.626428,2.215738,4.814715,2.297832,4.484786,
718.000000,0.000012,4.635941,2.218312,4.819686,2.299714,4.489696,
719.000000,0.000017,4.645431,2.220886,4.824651,2.301597,4.494604,
720.000000,0.000022,4.654904,2.223459,4.829610,2.303480,4.499508,
721.000000,0.000029,4.664375,2.226032,4.834563,2.305364,4.504410,
722.000000,0.000037,4.673842,2.228604,4.839510,2.307248,4.509309,
723.000000,0.000046,4.683300,2.231176,4.844452,2.309132,4.514205,
724.000000,0.000057,4.692752,2.233747,4.849388,2.311017,4.519097,
725.000000,0.000069,4.702198,2.236317,4.854317,2.312902,4.523987,
726.000000,0.000082,4.711638,2.238886,4.859241,2.314787,4.528873,
727.000000,0.000098,4.721073,2.241454,4.864159,2.316672,4.533757,
728.000000,0.000115,4.730501,2.244021,4.869071,2.318558,4.538637,
729.000000,0.000133,4.739923,2.246587,4.873977,2.320443,4.543514,
730.000000,0.000154,4.749341,2.249151,4.878877,2.322328,4.548388,
731.000000,0.000176,4.758752,2.251714,4.883771,2.324213,4.553259,
732.000000,0.000201,4.768158,2.254275,4.888659,2.326097,4.558126,
733.000000,0.000227,4.777559,2.256834,4.893542,2.327981,4.562991,
734.000000,0.000256,4.786954,2.259392,4.898419,2.329865,4.567852,
735.000000,0.000287,4.796343,2.261947,4.903290,2.331747,4.572710,
736.000000,0.000320,4.805728,2.264500,4.908155,2.333630,4.577565,
737.000000,0.000355,4.815107,2.267051,4.913014,2.335511,4.582416,
738.000000,0.000393,4.824481,2.269600,4.917868,2.337392,4.587265,
739.000000,0.000433,4.833849,2.272147,4.922716,2.339272,4.592110,
740.000000,0.000476,4.843213,2.274691,4.927558,2.341151,4.596952,
741.000000,0.000521,4.852571,2.277232,4.932395,2.343029,4.601791,
742.000000,0.000569,4.861925,2.279770,4.937227,2.344905,4.606627,
743.000000,0.000619,4.871273,2.282306,4.942053,2.346781,4.611460,
744.000000,0.000672,4.880616,2.284838,4.946874,2.348655,4.616291,
745.000000,0.000728,4.889955,2.287368,4.951690,2.350527,4.621118,
746.000000,0.000787,4.899288,2.289894,4.956500,2.352398,4.625942,
747.000000,0.000848,4.908617,2.292417,4.961305,2.354268,4.630764,
748.000000,0.000912,4.917941,2.294937,4.966106,2.356136,4.635582,
749.000000,0.000979,4.927260,2.297452,4.970901,2.358002,4.640398,
750.000000,0.001049,4.936575,2.299964,4.975692,2.359866,4.645212,
751.000000,0.001122,4.945885,2.302473,4.980479,2.361728,4.650023,
752.000000,0.001198,4.955190,2.304977,4.985261,2.363589,4.654831,
753.000000,0.001277,4.964491,2.307477,4.990038,2.365446,4.659637,
754.000000,0.001360,4.973787,2.309972,4.994812,2.367302,4.664441,
755.000000,0.001445,4.983079,2.312464,4.999583,2.369155,4.669243,
756.000000,0.001534,4.992367,2.314950,5.004350,2.371006,4.674044,
757.000000,0.001626,5.001651,2.317433,5.009115,2.372854,4.678843,
758.000000,0.001721,5.010931,2.319911,5.013876,2.374700,4.683641,
759.000000,0.001820,5.020206,2.322386,5.018636,2.376544,4.688438,
760.000000,0.001923,5.029477,2.324857,5.023393,2.378386,4.693234,
761.000000,0.002029,5.038744,2.327324,5.028148,2.380226,4.698029,
762.000000,0.002140,5.048007,2.329787,5.032901,2.382064,4.702823,
763.000000,0.002254,5.057266,2.332247,5.037652,2.383900,4.707617,
764.000000,0.002373,5.066521,2.334704,5.042401,2.385734,4.712409,
765.000000,0.002495,5.075772,2.337157,5.047149,2.387567,4.717202,
766.000000,0.002622,5.085018,2.339607,5.051896,2.389398,4.721994,
767.000000,0.002753,5.094261,2.342055,5.056641,2.391227,4.726786,
768.000000,0.002889,5.103498,2.344500,5.061385,2.393055,4.731577,
769.000000,0.003029,5.112732,2.346942,5.066127,2.394882,4.736368,
770.000000,0.003174,5.121962,2.349381,5.070869,2.396708,4.741159,
771.000000,0.003323,5.131188,2.351819,5.075609,2.398532,4.745949,
772.000000,0.003476,5.140409,2.354254,5.080348,2.400356,4.750740,
773.000000,0.003635,5.149626,2.356687,5.085087,2.402178,4.755530,
774.000000,0.003798,5.158838,2.359118,5.089825,2.404000,4.760321,
775.000000,0.003967,5.168046,2.361547,5.094561,2.405820,4.765111,
776.000000,0.004140,5.177249,2.363975,5.099297,2.407640,4.769901,
777.000000,0.004318,5.186449,2.366401,5.104032,2.409460,4.774692,
778.000000,0.004501,5.195643,2.368826,5.108766,2.411279,4.779482,
779.000000,0.004689,5.204833,2.371250,5.113499,2.413097,4.784272,
780.000000,0.004883,5.214018,2.373673,5.118231,2.414916,4.789063,
781.000000,0.005081,5.223199,2.376095,5.122962,2.416734,4.793853,
782.000000,0.005285,5.232375,2.378516,5.127693,2.418551,4.798643,
783.000000,0.005494,5.241545,2.380936,5.132423,2.420369,4.803434,
784.000000,0.005709,5.250711,2.383356,5.137152,2.422186,4.808224,
785.000000,0.005929,5.259872,2.385776,5.141880,2.424004,4.813015,
786.000000,0.006154,5.269029,2.388195,5.146607,2.425822,4.817805,
787.000000,0.006385,5.278180,2.390614,5.151333,2.427640,4.822596,
788.000000,0.006621,5.287325,2.393034,5.156059,2.429459,4.827386,
789.000000,0.006863,5.296466,2.395453,5.160783,2.431278,4.832177,
790.000000,0.007110,5.305601,2.397872,5.165506,2.433097,4.836967,
791.000000,0.007363,5.314731,2.400293,5.170228,2.434917,4.841757,
792.000000,0.007622,5.323855,2.402713,5.174949,2.436738,4.846547,
793.000000,0.007886,5.332974,2.405135,5.179669,2.438559,4.851337,
794.000000,0.008156,5.342087,2.407557,5.184387,2.440381,4.856127,
795.000000,0.008431,5.351194,2.409980,5.189104,2.442204,4.860916,
796.000000,0.008713,5.360296,2.412405,5.193820,2.444028,4.865705,
797.000000,0.009000,5.369391,2.414830,5.198534,2.445853,4.870494,
798.000000,0.009293,5.378480,2.417257,5.203246,2.447680,4.875283,
799.000000,0.009592,5.387564,2.419686,5.207957,2.449507,4.880071,
800.000000,0.009896,5.396640,2.422116,5.212665,2.451337,4.884858,
801.000000,0.010207,5.405711,2.424548,5.217372,2.453167,4.889645,
802.000000,0.010523,5.414774,2.426982,5.222076,2.454999,4.894431,
803.000000,0.010845,5.423831,2.429419,5.226779,2.456832,4.899216,
804.000000,0.011173,5.432880,2.431857,5.231478,2.458668,4.904001,
805.000000,0.011507,5.441923,2.434298,5.236174,2.460505,4.908784,
806.000000,0.011846,5.450957,2.436741,5.240867,2.462343,4.913566,
807.000000,0.012191,5.459984,2.439187,5.245557,2.464184,4.918346,
808.000000,0.012541,5.469003,2.441634,5.250243,2.466026,4.923125,
809.000000,0.012895,5.478014,2.444084,5.254925,2.467870,4.927903,
810.000000,0.013255,5.487018,2.446536,5.259603,2.469715,4.932679,
811.000000,0.013619,5.496013,2.448989,5.264277,2.471562,4.937452,
812.000000,0.013988,5.505000,2.451445,5.268946,2.473411,4.942225,
813.000000,0.014361,5.513978,2.453902,5.273611,2.475260,4.946994,
814.000000,0.014738,5.522950,2.456361,5.278271,2.477112,4.951762,
815.000000,0.015119,5.531912,2.458822,5.282927,2.478965,4.956528,
816.000000,0.015505,5.540866,2.461284,5.287578,2.480819,4.961292,
817.000000,0.015894,5.549812,2.463748,5.292223,2.482675,4.966053,
818.000000,0.016286,5.558750,2.466213,5.296865,2.484532,4.970813,
819.000000,0.016682,5.567680,2.468679,5.301500,2.486390,4.975570,
820.000000,0.017082,5.576602,2.471147,5.306131,2.488250,4.980324,
821.000000,0.017484,5.585515,2.473616,5.310756,2.490110,4.985076,
822.000000,0.017890,5.594419,2.476086,5.315376,2.491972,4.989826,
823.000000,0.018299,5.603316,2.478557,5.319991,2.493835,4.994573,
824.000000,0.018710,5.612204,2.481028,5.324600,2.495699,4.999318,
825.000000,0.019124,5.621084,2.483501,5.329204,2.497564,5.004060,
826.000000,0.019541,5.629956,2.485974,5.333802,2.499430,5.008799,
827.000000,0.019960,5.638820,2.488448,5.338394,2.501297,5.013535,
828.000000,0.020382,5.647676,2.490922,5.342981,2.503165,5.018270,
829.000000,0.020806,5.656523,2.493397,5.347562,2.505033,5.023001,
830.000000,0.021232,5.665362,2.495872,5.352137,2.506902,5.027729,
831.000000,0.021660,5.674194,2.498347,5.356706,2.508772,5.032455,
832.000000,0.022089,5.683017,2.500823,5.361269,2.510643,5.037178,
833.000000,0.022521,5.691833,2.503299,5.365827,2.512515,5.041898,
834.000000,0.022954,5.700640,2.505774,5.370378,2.514387,5.046615,
835.000000,0.023389,5.709440,2.508250,5.374924,2.516259,5.051329,
836.000000,0.023825,5.718232,2.510726,5.379463,2.518132,5.056040,
837.000000,0.024263,5.727015,2.513201,5.383996,2.520006,5.060749,
838.000000,0.024702,5.735792,2.515676,5.388524,2.521880,5.065454,
839.000000,0.025142,5.744561,2.518151,5.393044,2.523754,5.070157,
840.000000,0.025583,5.753322,2.520625,5.397560,2.525629,5.074857,
841.000000,0.026025,5.762075,2.523099,5.402069,2.527503,5.079554,
842.000000,0.026468,5.770821,2.525572,5.406571,2.529379,5.084247,
843.000000,0.026911,5.779559,2.528044,5.411068,2.531254,5.088938,
844.000000,0.027356,5.788291,2.530516,5.415558,2.533129,5.093626,
845.000000,0.027801,5.797014,2.532986,5.420043,2.535005,5.098310,
846.000000,0.028247,5.805730,2.535456,5.424520,2.536880,5.102992,
847.000000,0.028693,5.814440,2.537925,5.428992,2.538756,5.107671,
848.000000,0.029139,5.823142,2.540393,5.433457,2.540631,5.112347,
849.000000,0.029586,5.831837,2.542859,5.437916,2.542507,5.117019,
850.000000,0.030033,5.840525,2.545325,5.442369,2.544382,5.121689,
851.000000,0.030480,5.849206,2.547789,5.446816,2.546257,5.126356,
852.000000,0.030927,5.857881,2.550251,5.451256,2.548132,5.131020,
853.000000,0.031374,5.866549,2.552713,5.455690,2.550006,5.135680,
854.000000,0.031821,5.875209,2.555172,5.460118,2.551880,5.140338,
855.000000,0.032268,5.883863,2.557631,5.464540,2.553754,5.144993,
856.000000,0.032714,5.892511,2.560087,5.468956,2.555627,5.149645,
857.000000,0.033161,5.901153,2.562542,5.473364,2.557500,5.154294,
858.000000,0.033606,5.909788,2.564995,5.477767,2.559372,5.158940,
859.000000,0.034052,5.918417,2.567446,5.482163,2.561244,5.163583,
860.000000,0.034497,5.927040,2.569896,5.486554,2.563115,5.168223,
861.000000,0.034941,5.935657,2.572343,5.490938,2.564986,5.172861,
862.000000,0.035385,5.944268,2.574788,5.495315,2.566855,5.177496,
863.000000,0.035829,5.952874,2.577231,5.499686,2.568724,5.182128,
864.000000,0.036271,5.961473,2.579672,5.504051,2.570592,5.186758,
865.000000,0.036714,5.970068,2.582110,5.508410,2.572459,5.191385,
866.000000,0.037156,5.978657,2.584547,5.512762,2.574326,5.196009,
867.000000,0.037597,5.987240,2.586980,5.517108,2.576192,5.200631,
868.000000,0.038038,5.995819,2.589411,5.521448,2.578057,5.205250,
869.000000,0.038478,6.004392,2.591840,5.525782,2.579921,5.209867,
870.000000,0.038918,6.012959,2.594266,5.530108,2.581785,5.214481,
871.000000,0.039357,6.021522,2.596689,5.534430,2.583648,5.219093,
872.000000,0.039796,6.030079,2.599109,5.538744,2.585510,5.223703,
873.000000,0.040234,6.038632,2.601526,5.543053,2.587371,5.228310,
874.000000,0.040672,6.047180,2.603941,5.547355,2.589231,5.232914,
875.000000,0.041109,6.055722,2.606352,5.551651,2.591090,5.237516,
876.000000,0.041546,6.064260,2.608760,5.555942,2.592949,5.242116,
877.000000,0.041982,6.072793,2.611165,5.560225,2.594807,5.246714,
878.000000,0.042418,6.081322,2.613566,5.564503,2.596664,5.251309,
879.000000,0.042853,6.089846,2.615964,5.568775,2.598520,5.255902,
880.000000,0.043288,6.098365,2.618359,5.573041,2.600375,5.260492,
881.000000,0.043722,6.106879,2.620749,5.577301,2.602230,5.265080,
882.000000,0.044156,6.115389,2.623137,5.581555,2.604084,5.269667,
883.000000,0.044589,6.123895,2.625521,5.585803,2.605936,5.274250,
884.000000,0.045022,6.132396,2.627901,5.590045,2.607788,5.278831,
885.000000,0.045454,6.140893,2.630277,5.594281,2.609639,5.283411,
886.000000,0.045886,6.149385,2.632649,5.598512,2.611489,5.287988,
887.000000,0.046317,6.157873,2.635017,5.602736,2.613338,5.292562,
888.000000,0.046747,6.166357,2.637382,5.606955,2.615187,5.297135,
889.000000,0.047178,6.174836,2.639742,5.611168,2.617034,5.301706,
890.000000,0.047607,6.183311,2.642097,5.615376,2.618881,5.306274,
891.000000,0.048036,6.191783,2.644449,5.619578,2.620726,5.310840,
892.000000,0.048465,6.200250,2.646797,5.623775,2.622571,5.315404,
893.000000,0.048893,6.208713,2.649140,5.627965,2.624414,5.319966,
894.000000,0.049321,6.217172,2.651478,5.632151,2.626257,5.324526,
895.000000,0.049748,6.225627,2.653812,5.636331,2.628099,5.329083,
896.000000,0.050174,6.234078,2.656142,5.640505,2.629940,5.333639,
897.000000,0.050600,6.242526,2.658466,5.644675,2.631780,5.338192,
898.000000,0.051026,6.250969,2.660786,5.648839,2.633619,5.342743,
899.000000,0.051451,6.259408,2.663102,5.652998,2.635457,5.347293,
900.000000,0.051875,6.267844,2.665412,5.657152,2.637294,5.351840,
901.000000,0.052299,6.276276,2.667718,5.661300,2.639130,5.356385,
902.000000,0.052723,6.284704,2.670018,5.665444,2.640966,5.360928,
903.000000,0.053146,6.293128,2.672314,5.669582,2.642800,5.365469,
904.000000,0.053568,6.301549,2.674604,5.673716,2.644633,5.370008,
905.000000,0.053990,6.309967,2.676889,5.677845,2.646465,5.374546,
906.000000,0.054412,6.318380,2.679169,5.681969,2.648296,5.379081,
907.000000,0.054833,6.326790,2.681444,5.686088,2.650126,5.383614,
908.000000,0.055253,6.335196,2.683713,5.690202,2.651956,5.388145,
909.000000,0.055673,6.343600,2.685977,5.694312,2.653784,5.392674,
910.000000,0.056092,6.351999,2.688236,5.698418,2.655611,5.397202,
911.000000,0.056511,6.360395,2.690489,5.702518,2.657437,5.401727,
912.000000,0.056930,6.368788,2.692736,5.706615,2.659262,5.406250,
913.000000,0.057348,6.377178,2.694978,5.710707,2.661086,5.410772,
914.000000,0.057765,6.385563,2.697213,5.714795,2.662909,5.415292,
915.000000,0.058182,6.393946,2.699443,5.718879,2.664731,5.419809,
916.000000,0.058598,6.402326,2.701668,5.722959,2.666551,5.424325,
917.000000,0.059014,6.410702,2.703886,5.727035,2.668371,5.428839,
918.000000,0.059429,6.419075,2.706098,5.731106,2.670189,5.433352,
919.000000,0.059844,6.427445,2.708304,5.735174,2.672007,5.437862,
920.000000,0.060258,6.435812,2.710504,5.739238,2.673823,5.442371,
921.000000,0.060672,6.444175,2.712698,5.743299,2.675638,5.446877,
922.000000,0.061085,6.452536,2.714885,5.747356,2.677452,5.451383,
923.000000,0.061498,6.460894,2.717066,5.751410,2.679265,5.455886,
924.000000,0.061910,6.469248,2.719240,5.755461,2.681077,5.460388,
925.000000,0.062321,6.477600,2.721408,5.759508,2.682887,5.464888,
926.000000,0.062733,6.485949,2.723570,5.763553,2.684696,5.469386,
927.000000,0.063143,6.494294,2.725724,5.767595,2.686504,5.473883,
928.000000,0.063553,6.502637,2.727873,5.771635,2.688311,5.478377,
929.000000,0.063963,6.510977,2.730015,5.775672,2.690117,5.482871,
930.000000,0.064372,6.519315,2.732150,5.779707,2.691921,5.487363,
931.000000,0.064781,6.527649,2.734279,5.783741,2.693725,5.491854,
932.000000,0.065189,6.535981,2.736402,5.787772,2.695527,5.496343,
933.000000,0.065597,6.544310,2.738518,5.791801,2.697328,5.500830,
934.000000,0.066004,6.552637,2.740628,5.795829,2.699128,5.505316,
935.000000,0.066411,6.560960,2.742732,5.799856,2.700927,5.509801,
936.000000,0.066818,6.569282,2.744830,5.803881,2.702725,5.514284,
937.000000,0.067224,6.577600,2.746922,5.807904,2.704522,5.518766,
938.000000,0.067629,6.585916,2.749008,5.811926,2.706318,5.523246,
939.000000,0.068035,6.594230,2.751088,5.815947,2.708112,5.527726,
940.000000,0.068439,6.602540,2.753162,5.819967,2.709906,5.532203,
941.000000,0.068844,6.610849,2.755230,5.823986,2.711699,5.536680,
942.000000,0.069248,6.619155,2.757293,5.828004,2.713490,5.541155,
943.000000,0.069652,6.627458,2.759349,5.832021,2.715281,5.545629,
944.000000,0.070055,6.635759,2.761400,5.836037,2.717071,5.550101,
945.000000,0.070458,6.644058,2.763446,5.840053,2.718859,5.554572,
946.000000,0.070861,6.652354,2.765486,5.844068,2.720647,5.559042,
947.000000,0.071263,6.660647,2.767521,5.848082,2.722433,5.563510,
948.000000,0.071665,6.668939,2.769550,5.852096,2.724219,5.567977,
949.000000,0.072067,6.677228,2.771574,5.856109,2.726004,5.572443,
950.000000,0.072468,6.685515,2.773592,5.860122,2.727788,5.576908,
951.000000,0.072869,6.693799,2.775605,5.864134,2.729571,5.581372,
952.000000,0.073270,6.702082,2.777613,5.868146,2.731353,5.585834,
953.000000,0.073670,6.710361,2.779616,5.872158,2.733134,5.590295,
954.000000,0.074070,6.718639,2.781614,5.876170,2.734914,5.594754,
955.000000,0.074470,6.726915,2.783607,5.880181,2.736693,5.599213,
956.000000,0.074869,6.735188,2.785595,5.884192,2.738472,5.603670,
957.000000,0.075268,6.743459,2.787578,5.888204,2.740250,5.608126,
958.000000,0.075667,6.751728,2.789557,5.892215,2.742026,5.612581,
959.000000,0.076066,6.759995,2.791530,5.896226,2.743802,5.617034,
960.000000,0.076464,6.768260,2.793499,5.900237,2.745577,5.621487,
961.000000,0.076862,6.776522,2.795463,5.904248,2.747352,5.625938,
962.000000,0.077260,6.784783,2.797422,5.908260,2.749125,5.630388,
963.000000,0.077658,6.793041,2.799377,5.912271,2.750898,5.634837,
964.000000,0.078055,6.801298,2.801327,5.916283,2.752670,5.639284,
965.000000,0.078452,6.809552,2.803273,5.920295,2.754441,5.643731,
966.000000,0.078849,6.817805,2.805215,5.924307,2.756211,5.648176,
967.000000,0.079245,6.826055,2.807152,5.928319,2.757980,5.652620,
968.000000,0.079641,6.834304,2.809085,5.932332,2.759749,5.657063,
969.000000,0.080037,6.842550,2.811014,5.936345,2.761517,5.661504,
970.000000,0.080433,6.850795,2.812938,5.940358,2.763284,5.665945,
971.000000,0.080829,6.859038,2.814859,5.944372,2.765051,5.670384,
972.000000,0.081224,6.867279,2.816775,5.948386,2.766817,5.674822,
973.000000,0.081619,6.875517,2.818687,5.952400,2.768582,5.679259,
974.000000,0.082014,6.883755,2.820596,5.956415,2.770346,5.683694,
975.000000,0.082409,6.891990,2.822500,5.960431,2.772110,5.688129,
976.000000,0.082803,6.900224,2.824401,5.964447,2.773872,5.692562,
977.000000,0.083197,6.908455,2.826298,5.968463,2.775635,5.696994,
978.000000,0.083591,6.916685,2.828190,5.972480,2.777396,5.701426,
979.000000,0.083985,6.924913,2.830080,5.976497,2.779157,5.705855,
980.000000,0.084379,6.933140,2.831965,5.980515,2.780917,5.710284,
981.000000,0.084772,6.941365,2.833847,5.984533,2.782676,5.714712,
982.000000,0.085166,6.949588,2.835725,5.988553,2.784435,5.719138,
983.000000,0.085559,6.957809,2.837600,5.992572,2.786193,5.723563,
984.000000,0.085951,6.966029,2.839471,5.996593,2.787950,5.727987,
985.000000,0.086344,6.974247,2.841339,6.000613,2.789707,5.732410,
986.000000,0.086737,6.982464,2.843204,6.004635,2.791463,5.736832,
987.000000,0.087129,6.990679,2.845065,6.008657,2.793218,5.741252,
988.000000,0.087521,6.998893,2.846922,6.012680,2.794973,5.745671,
989.000000,0.087913,7.007105,2.848777,6.016703,2.796727,5.750090,
990.000000,0.088305,7.015315,2.850628,6.020728,2.798481,5.754507,
991.000000,0.088696,7.023524,2.852476,6.024752,2.800234,5.758923,
992.000000,0.089088,7.031732,2.854321,6.028778,2.801986,5.763337,
993.000000,0.089479,7.039938,2.856163,6.032804,2.803737,5.767751,
994.000000,0.089870,7.048143,2.858002,6.036831,2.805488,5.772163,
995.000000,0.090261,7.056346,2.859838,6.040858,2.807239,5.776574,
996.000000,0.090651,7.064548,2.861670,6.044887,2.808988,5.780984,
997.000000,0.091042,7.072750,2.863500,6.048916,2.810737,5.785393,
998.000000,0.091432,7.080949,2.865327,6.052946,2.812486,5.789801,
999.000000,0.091822,7.089148,2.867151,6.056976,2.814233,5.794207,
1000.000000,0.092212,7.097345,2.868973,6.061007,2.815981,5.798613,
1002.500000,0.093187,7.117834,2.873514,6.071088,2.820346,5.809621,
1005.000000,0.094161,7.138317,2.878039,6.081174,2.824708,5.820622,
1007.500000,0.095136,7.158794,2.882547,6.091265,2.829065,5.831616,
1010.000000,0.096113,7.179266,2.887040,6.101360,2.833419,5.842603,
1012.500000,0.097091,7.199734,2.891519,6.111460,2.837770,5.853583,
1015.000000,0.098072,7.220196,2.895983,6.121564,2.842117,5.864555,
1017.500000,0.099055,7.240654,2.900433,6.131673,2.846461,5.875521,
1020.000000,0.100043,7.261107,2.904869,6.141787,2.850801,5.886479,
1022.500000,0.101035,7.281555,2.909293,6.151905,2.855138,5.897430,
1025.000000,0.102031,7.301999,2.913705,6.162027,2.859472,5.908374,
1027.500000,0.103033,7.322438,2.918105,6.172153,2.863803,5.919311,
1030.000000,0.104040,7.342871,2.922493,6.182284,2.868130,5.930240,
1032.500000,0.105054,7.363300,2.926871,6.192418,2.872454,5.941163,
1035.000000,0.106074,7.383723,2.931239,6.202557,2.876775,5.952077,
1037.500000,0.107101,7.404141,2.935596,6.212698,2.881093,5.962985,
1040.000000,0.108136,7.424554,2.939944,6.222844,2.885408,5.973885,
1042.500000,0.109178,7.444960,2.944283,6.232993,2.889719,5.984777,
1045.000000,0.110229,7.465361,2.948614,6.243145,2.894028,5.995663,
1047.500000,0.111288,7.485755,2.952936,6.253300,2.898334,6.006541,
1050.000000,0.112356,7.506142,2.957250,6.263458,2.902636,6.017411,
1052.500000,0.113432,7.526523,2.961557,6.273619,2.906935,6.028274,
1055.000000,0.114518,7.546896,2.965857,6.283782,2.911232,6.039130,
1057.500000,0.115614,7.567261,2.970150,6.293946,2.915525,6.049977,
1060.000000,0.116720,7.587618,2.974436,6.304113,2.919816,6.060818,
1062.500000,0.117835,7.607968,2.978717,6.314282,2.924103,6.071650,
1065.000000,0.118961,7.628308,2.982991,6.324451,2.928387,6.082475,
1067.500000,0.120097,7.648639,2.987261,6.334622,2.932667,6.093292,
1070.000000,0.121245,7.668961,2.991525,6.344794,2.936945,6.104102,
1072.500000,0.122402,7.689273,2.995785,6.354967,2.941220,6.114903,
1075.000000,0.123572,7.709574,3.000041,6.365139,2.945491,6.125698,
1077.500000,0.124752,7.729864,3.004292,6.375311,2.949760,6.136484,
1080.000000,0.125943,7.750142,3.008540,6.385482,2.954025,6.147262,
1082.500000,0.127147,7.770408,3.012785,6.395653,2.958286,6.158032,
1085.000000,0.128361,7.790661,3.017027,6.405821,2.962545,6.168795,
1087.500000,0.129588,7.810900,3.021266,6.415988,2.966800,6.179550,
1090.000000,0.130826,7.831123,3.025503,6.426152,2.971051,6.190296,
1092.500000,0.132076,7.851330,3.029738,6.436312,2.975300,6.201035,
1095.000000,0.133335,7.871520,3.033971,6.446466,2.979545,6.211765,
1097.500000,0.134604,7.891690,3.038202,6.456615,2.983786,6.222487,
1100.000000,0.135881,7.911842,3.042429,6.466758,2.988023,6.233201,
1102.500000,0.137164,7.931975,3.046652,6.476893,2.992257,6.243906,
1105.000000,0.138454,7.952089,3.050872,6.487021,2.996486,6.254603,
1107.500000,0.139749,7.972183,3.055087,6.497142,3.000711,6.265292,
1110.000000,0.141048,7.992258,3.059297,6.507254,3.004932,6.275972,
1112.500000,0.142351,8.012313,3.063501,6.517358,3.009149,6.286644,
1115.000000,0.143656,8.032349,3.067699,6.527452,3.013361,6.297307,
1117.500000,0.144962,8.052365,3.071891,6.537539,3.017569,6.307963,
1120.000000,0.146270,8.072363,3.076075,6.547616,3.021771,6.318610,
1122.500000,0.147577,8.092341,3.080252,6.557684,3.025969,6.329249,
1125.000000,0.148884,8.112302,3.084421,6.567743,3.030161,6.339880,
1127.500000,0.150190,8.132243,3.088581,6.577793,3.034348,6.350502,
1130.000000,0.151493,8.152166,3.092732,6.587833,3.038530,6.361117,
1132.500000,0.152794,8.172072,3.096873,6.597865,3.042706,6.371724,
1135.000000,0.154091,8.191961,3.101004,6.607887,3.046876,6.382322,
1137.500000,0.155385,8.211833,3.105124,6.617899,3.051041,6.392913,
1140.000000,0.156673,8.231688,3.109234,6.627903,3.055199,6.403496,
1142.500000,0.157957,8.251528,3.113332,6.637898,3.059351,6.414072,
1145.000000,0.159235,8.271352,3.117417,6.647885,3.063497,6.424640,
1147.500000,0.160506,8.291162,3.121490,6.657863,3.067636,6.435200,
1150.000000,0.161771,8.310956,3.125550,6.667832,3.071769,6.445754,
1152.500000,0.163028,8.330736,3.129596,6.677793,3.075895,6.456299,
1155.000000,0.164278,8.350504,3.133627,6.687747,3.080014,6.466838,
1157.500000,0.165519,8.370259,3.137645,6.697692,3.084126,6.477370,
1160.000000,0.166751,8.390002,3.141647,6.707631,3.088230,6.487895,
1162.500000,0.167975,8.409733,3.145633,6.717562,3.092327,6.498414,
1165.000000,0.169188,8.429454,3.149604,6.727488,3.096416,6.508926,
1167.500000,0.170392,8.449164,3.153558,6.737406,3.100498,6.519432,
1170.000000,0.171585,8.468866,3.157494,6.747320,3.104571,6.529932,
1172.500000,0.172768,8.488560,3.161413,6.757227,3.108636,6.540426,
1175.000000,0.173939,8.508245,3.165314,6.767131,3.112693,6.550914,
1177.500000,0.175099,8.527924,3.169196,6.777030,3.116741,6.561397,
1180.000000,0.176247,8.547596,3.173059,6.786925,3.120780,6.571874,
1182.500000,0.177383,8.567265,3.176903,6.796818,3.124810,6.582347,
1185.000000,0.178506,8.586928,3.180725,6.806709,3.128831,6.592815,
1187.500000,0.179617,8.606589,3.184527,6.816598,3.132843,6.603280,
1190.000000,0.180714,8.626249,3.188308,6.826487,3.136844,6.613740,
1192.500000,0.181798,8.645908,3.192065,6.836376,3.140836,6.624197,
1195.000000,0.182869,8.665569,3.195800,6.846268,3.144817,6.634651,
1197.500000,0.183926,8.685234,3.199510,6.856164,3.148788,6.645103,
1200.000000,0.184971,8.704906,3.203197,6.866067,3.152748,6.655554,
1202.500000,0.186005,8.724585,3.206862,6.875978,3.156697,6.666006,
1205.000000,0.187030,8.744271,3.210505,6.885900,3.160637,6.676457,
1207.500000,0.188047,8.763968,3.214127,6.895834,3.164568,6.686911,
1210.000000,0.189058,8.783675,3.217730,6.905780,3.168490,6.697365,
1212.500000,0.190064,8.803392,3.221315,6.915740,3.172403,6.707821,
1215.000000,0.191066,8.823120,3.224883,6.925714,3.176308,6.718280,
1217.500000,0.192066,8.842860,3.228435,6.935705,3.180206,6.728742,
1220.000000,0.193064,8.862611,3.231972,6.945710,3.184097,6.739206,
1222.500000,0.194062,8.882374,3.235496,6.955732,3.187981,6.749673,
1225.000000,0.195061,8.902148,3.239008,6.965772,3.191859,6.760144,
1227.500000,0.196063,8.921934,3.242508,6.975828,3.195731,6.770618,
1230.000000,0.197068,8.941731,3.245999,6.985902,3.199598,6.781096,
1232.500000,0.198077,8.961540,3.249480,6.995994,3.203460,6.791578,
1235.000000,0.199091,8.981361,3.252954,7.006104,3.207318,6.802063,
1237.500000,0.200111,9.001192,3.256421,7.016232,3.211172,6.812553,
1240.000000,0.201139,9.021035,3.259882,7.026380,3.215022,6.823047,
1242.500000,0.202174,9.040888,3.263339,7.036545,3.218869,6.833544,
1245.000000,0.203219,9.060751,3.266793,7.046729,3.222713,6.844046,
1247.500000,0.204273,9.080624,3.270244,7.056931,3.226555,6.854552,
1250.000000,0.205337,9.100506,3.273694,7.067151,3.230394,6.865062,
1252.500000,0.206413,9.120398,3.277143,7.077389,3.234232,6.875576,
1255.000000,0.207501,9.140298,3.280593,7.087646,3.238069,6.886094,
1257.500000,0.208602,9.160207,3.284045,7.097920,3.241905,6.896616,
1260.000000,0.209716,9.180122,3.287499,7.108212,3.245740,6.907142,
1262.500000,0.210845,9.200046,3.290957,7.118521,3.249575,6.917672,
1265.000000,0.211988,9.219976,3.294420,7.128847,3.253410,6.928205,
1267.500000,0.213146,9.239912,3.297888,7.139190,3.257246,6.938743,
1270.000000,0.214321,9.259854,3.301362,7.149549,3.261082,6.949284,
1272.500000,0.215512,9.279801,3.304844,7.159924,3.264919,6.959828,
1275.000000,0.216720,9.299752,3.308334,7.170314,3.268758,6.970376,
1277.500000,0.217945,9.319708,3.311833,7.180719,3.272598,6.980926,
1280.000000,0.219189,9.339666,3.315342,7.191139,3.276441,6.991480,
1282.500000,0.220451,9.359627,3.318861,7.201572,3.280285,7.002037,
1285.000000,0.221732,9.379589,3.322393,7.212019,3.284132,7.012596,
1287.500000,0.223033,9.399552,3.325937,7.222480,3.287982,7.023158,
1290.000000,0.224354,9.419517,3.329494,7.232952,3.291835,7.033722,
1292.500000,0.225695,9.439480,3.333065,7.243436,3.295692,7.044288,
1295.000000,0.227056,9.459443,3.336651,7.253931,3.299552,7.054857,
1297.500000,0.228439,9.479403,3.340253,7.264435,3.303416,7.065427,
1300.000000,0.229843,9.499361,3.343871,7.274950,3.307284,7.075998,
1302.500000,0.231269,9.519315,3.347506,7.285472,3.311156,7.086571,
1305.000000,0.232717,9.539265,3.351160,7.296003,3.315033,7.097145,
1307.500000,0.234187,9.559209,3.354833,7.306541,3.318915,7.107719,
1310.000000,0.235680,9.579146,3.358525,7.317085,3.322802,7.118294,
1312.500000,0.237195,9.599077,3.362237,7.327633,3.326695,7.128869,
1315.000000,0.238734,9.618999,3.365972,7.338185,3.330593,7.139444,
1317.500000,0.240297,9.638910,3.369728,7.348741,3.334497,7.150018,
1320.000000,0.241883,9.658812,3.373507,7.359297,3.338408,7.160591,
1322.500000,0.243492,9.678700,3.377311,7.369853,3.342324,7.171163,
1325.000000,0.245127,9.698574,3.381140,7.380406,3.346248,7.181733,
1327.500000,0.246784,9.718431,3.384995,7.390954,3.350179,7.192300,
1330.000000,0.248464,9.738270,3.388875,7.401495,3.354116,7.202863,
1332.500000,0.250164,9.758087,3.392780,7.412025,3.358060,7.213421,
1335.000000,0.251884,9.777884,3.396708,7.422543,3.362010,7.223974,
1337.500000,0.253621,9.797659,3.400658,7.433047,3.365966,7.234522,
1340.000000,0.255375,9.817410,3.404629,7.443536,3.369927,7.245063,
1342.500000,0.257144,9.837138,3.408620,7.454009,3.373893,7.255599,
1345.000000,0.258926,9.856842,3.412630,7.464463,3.377864,7.266127,
1347.500000,0.260721,9.876522,3.416657,7.474899,3.381839,7.276648,
1350.000000,0.262527,9.896178,3.420701,7.485315,3.385817,7.287162,
1352.500000,0.264342,9.915809,3.424759,7.495710,3.389799,7.297668,
1355.000000,0.266166,9.935415,3.428832,7.506085,3.393783,7.308167,
1357.500000,0.267998,9.954996,3.432917,7.516437,3.397770,7.318658,
1360.000000,0.269836,9.974552,3.437013,7.526767,3.401759,7.329140,
1362.500000,0.271679,9.994084,3.441119,7.537074,3.405749,7.339615,
1365.000000,0.273526,10.013591,3.445234,7.547357,3.409740,7.350081,
1367.500000,0.275376,10.033073,3.449357,7.557616,3.413732,7.360539,
1370.000000,0.277229,10.052531,3.453486,7.567851,3.417724,7.370989,
1372.500000,0.279082,10.071965,3.457621,7.578061,3.421715,7.381430,
1375.000000,0.280935,10.091375,3.461760,7.588247,3.425706,7.391863,
1377.500000,0.282788,10.110762,3.465901,7.598408,3.429696,7.402287,
1380.000000,0.284638,10.130125,3.470045,7.608544,3.433684,7.412704,
1382.500000,0.286486,10.149465,3.474189,7.618655,3.437670,7.423111,
1385.000000,0.288331,10.168782,3.478332,7.628741,3.441653,7.433511,
1387.500000,0.290171,10.188078,3.482474,7.638801,3.445633,7.443902,
1390.000000,0.292005,10.207353,3.486613,7.648837,3.449610,7.454286,
1392.500000,0.293834,10.226605,3.490749,7.658848,3.453584,7.464662,
1395.000000,0.295656,10.245837,3.494879,7.668834,3.457553,7.475030,
1397.500000,0.297470,10.265049,3.499003,7.678795,3.461518,7.485391,
1400.000000,0.299276,10.284242,3.503121,7.688732,3.465477,7.495744,
1402.500000,0.301073,10.303414,3.507230,7.698644,3.469431,7.506090,
1405.000000,0.302860,10.322569,3.511330,7.708533,3.473379,7.516429,
1407.500000,0.304637,10.341705,3.515419,7.718399,3.477321,7.526762,
1410.000000,0.306403,10.360825,3.519497,7.728240,3.481256,7.537087,
1412.500000,0.308156,10.379927,3.523564,7.738060,3.485183,7.547407,
1415.000000,0.309898,10.399014,3.527616,7.747856,3.489104,7.557721,
1417.500000,0.311627,10.418084,3.531655,7.757630,3.493016,7.568028,
1420.000000,0.313342,10.437140,3.535678,7.767384,3.496919,7.578331,
1422.500000,0.315043,10.456183,3.539685,7.777115,3.500814,7.588629,
1425.000000,0.316730,10.475212,3.543674,7.786827,3.504699,7.598922,
1427.500000,0.318401,10.494228,3.547645,7.796518,3.508575,7.609211,
1430.000000,0.320057,10.513233,3.551597,7.806190,3.512440,7.619496,
1432.500000,0.321697,10.532227,3.555529,7.815844,3.516295,7.629777,
1435.000000,0.323320,10.551210,3.559440,7.825480,3.520139,7.640056,
1437.500000,0.324925,10.570184,3.563329,7.835098,3.523971,7.650331,
1440.000000,0.326514,10.589149,3.567194,7.844699,3.527791,7.660605,
1442.500000,0.328084,10.608108,3.571036,7.854285,3.531599,7.670877,
1445.000000,0.329635,10.627058,3.574852,7.863855,3.535393,7.681148,
1447.500000,0.331168,10.646004,3.578643,7.873412,3.539175,7.691419,
1450.000000,0.332682,10.664944,3.582407,7.882956,3.542943,7.701689,
1452.500000,0.334176,10.683880,3.586143,7.892487,3.546696,7.711960,
1455.000000,0.335650,10.702813,3.589851,7.902006,3.550435,7.722233,
1457.500000,0.337103,10.721745,3.593529,7.911515,3.554158,7.732507,
1460.000000,0.338536,10.740676,3.597176,7.921016,3.557866,7.742785,
1462.500000,0.339947,10.759607,3.600791,7.930508,3.561557,7.753066,
1465.000000,0.341337,10.778540,3.604374,7.939993,3.565231,7.763351,
1467.500000,0.342705,10.797475,3.607924,7.949473,3.568888,7.773642,
1470.000000,0.344052,10.816415,3.611438,7.958949,3.572527,7.783938,
1472.500000,0.345375,10.835360,3.614917,7.968423,3.576147,7.794242,
1475.000000,0.346676,10.854311,3.618359,7.977895,3.579748,7.804555,
1477.500000,0.347954,10.873272,3.621762,7.987369,3.583328,7.814878,
1480.000000,0.349209,10.892242,3.625127,7.996845,3.586888,7.825212,
1482.500000,0.350440,10.911226,3.628450,8.006327,3.590426,7.835558,
1485.000000,0.351647,10.930223,3.631732,8.015817,3.593940,7.845920,
1487.500000,0.352831,10.949240,3.634969,8.025318,3.597431,7.856301,
1490.000000,0.353992,10.968277,3.638164,8.034838,3.600899,7.866703,
1492.500000,0.355134,10.987338,3.641316,8.044377,3.604345,7.877131,
1495.000000,0.356259,11.006424,3.644429,8.053942,3.607771,7.887587,
1497.500000,0.357368,11.025537,3.647505,8.063533,3.611179,7.898072,
1500.000000,0.358464,11.044677,3.650544,8.073153,3.614571,7.908588,
1502.500000,0.359549,11.063845,3.653550,8.082807,3.617948,7.919138,
1505.000000,0.360624,11.083042,3.656525,8.092492,3.621313,7.929723,
1507.500000,0.361691,11.102270,3.659469,8.102213,3.624668,7.940342,
1510.000000,0.362754,11.121528,3.662387,8.111970,3.628014,7.950999,
1512.500000,0.363812,11.140816,3.665279,8.121766,3.631353,7.961693,
1515.000000,0.364868,11.160135,3.668148,8.131601,3.634688,7.972426,
1517.500000,0.365924,11.179485,3.670996,8.141478,3.638020,7.983198,
1520.000000,0.366981,11.198867,3.673825,8.151395,3.641351,7.994010,
1522.500000,0.368042,11.218280,3.676637,8.161354,3.644683,8.004862,
1525.000000,0.369107,11.237723,3.679434,8.171357,3.648018,8.015755,
1527.500000,0.370178,11.257197,3.682219,8.181405,3.651358,8.026689,
1530.000000,0.371257,11.276704,3.684993,8.191496,3.654704,8.037663,
1532.500000,0.372345,11.296240,3.687758,8.201632,3.658059,8.048679,
1535.000000,0.373443,11.315806,3.690517,8.211815,3.661425,8.059737,
1537.500000,0.374554,11.335402,3.693272,8.222043,3.664802,8.070837,
1540.000000,0.375678,11.355029,3.696024,8.232317,3.668193,8.081978,
1542.500000,0.376817,11.374685,3.698775,8.242637,3.671600,8.093160,
1545.000000,0.377971,11.394369,3.701528,8.253003,3.675024,8.104383,
1547.500000,0.379143,11.414083,3.704283,8.263416,3.678467,8.115648,
1550.000000,0.380333,11.433823,3.707044,8.273875,3.681931,8.126953,
1552.500000,0.381543,11.453591,3.709812,8.284381,3.685416,8.138299,
1555.000000,0.382774,11.473386,3.712589,8.294933,3.688926,8.149685,
1557.500000,0.384026,11.493208,3.715376,8.305532,3.692461,8.161111,
1560.000000,0.385302,11.513054,3.718176,8.316175,3.696023,8.172576,
1562.500000,0.386601,11.532927,3.720989,8.326865,3.699614,8.184080,
1565.000000,0.387925,11.552822,3.723819,8.337600,3.703234,8.195621,
1567.500000,0.389275,11.572742,3.726666,8.348379,3.706887,8.207202,
1570.000000,0.390653,11.592686,3.729533,8.359203,3.710572,8.218819,
1572.500000,0.392058,11.612651,3.732420,8.370071,3.714291,8.230473,
1575.000000,0.393492,11.632637,3.735331,8.380983,3.718047,8.242163,
1577.500000,0.394955,11.652644,3.738265,8.391938,3.721840,8.253887,
1580.000000,0.396449,11.672672,3.741225,8.402936,3.725671,8.265647,
1582.500000,0.397974,11.692719,3.744212,8.413975,3.729542,8.277440,
1585.000000,0.399531,11.712785,3.747228,8.425056,3.733455,8.289266,
1587.500000,0.401122,11.732867,3.750275,8.436176,3.737410,8.301124,
1590.000000,0.402745,11.752967,3.753353,8.447337,3.741409,8.313013,
1592.500000,0.404403,11.773083,3.756465,8.458537,3.745453,8.324934,
1595.000000,0.406096,11.793215,3.759611,8.469775,3.749543,8.336884,
1597.500000,0.407825,11.813360,3.762794,8.481051,3.753680,8.348862,
1600.000000,0.409589,11.833519,3.766014,8.492364,3.757867,8.360868,
1602.500000,0.411391,11.853691,3.769273,8.503713,3.762103,8.372900,
1605.000000,0.413230,11.873874,3.772572,8.515096,3.766390,8.384959,
1607.500000,0.415107,11.894069,3.775913,8.526513,3.770729,8.397042,
1610.000000,0.417023,11.914273,3.779296,8.537964,3.775121,8.409150,
1612.500000,0.418978,11.934486,3.782724,8.549447,3.779568,8.421280,
1615.000000,0.420973,11.954708,3.786197,8.560961,3.784070,8.433432,
1617.500000,0.423007,11.974937,3.789717,8.572505,3.788628,8.445604,
1620.000000,0.425083,11.995173,3.793284,8.584079,3.793243,8.457796,
1622.500000,0.427199,12.015413,3.796901,8.595680,3.797917,8.470007,
1625.000000,0.429357,12.035659,3.800567,8.607308,3.802650,8.482235,
1627.500000,0.431557,12.055908,3.804286,8.618962,3.807444,8.494478,
1630.000000,0.433799,12.076159,3.808056,8.630642,3.812298,8.506738,
1632.500000,0.436084,12.096413,3.811880,8.642344,3.817215,8.519010,
1635.000000,0.438412,12.116667,3.815759,8.654070,3.822195,8.531295,
1637.500000,0.440784,12.136920,3.819694,8.665815,3.827239,8.543591,
1640.000000,0.443199,12.157172,3.823685,8.677582,3.832347,8.555898,
1642.500000,0.445658,12.177423,3.827734,8.689367,3.837522,8.568213,
1645.000000,0.448162,12.197669,3.831843,8.701169,3.842763,8.580535,
1647.500000,0.450711,12.217912,3.836011,8.712988,3.848072,8.592864,
1650.000000,0.453304,12.238149,3.840240,8.724821,3.853449,8.605197,
1652.500000,0.455943,12.258379,3.844532,8.736668,3.858895,8.617534,
1655.000000,0.458627,12.278603,3.848886,8.748527,3.864412,8.629872,
1657.500000,0.461357,12.298817,3.853305,8.760396,3.869999,8.642211,
1660.000000,0.464133,12.319022,3.857788,8.772274,3.875658,8.654550,
1662.500000,0.466955,12.339216,3.862338,8.784160,3.881390,8.666884,
1665.000000,0.469824,12.359398,3.866954,8.796052,3.887195,8.679216,
1667.500000,0.472739,12.379567,3.871639,8.807948,3.893074,8.691542,
1670.000000,0.475701,12.399722,3.876392,8.819847,3.899028,8.703860,
1672.500000,0.478710,12.419862,3.881216,8.831747,3.905058,8.716169,
1675.000000,0.481766,12.439984,3.886110,8.843646,3.911165,8.728468,
1677.500000,0.484870,12.460090,3.891076,8.855543,3.917350,8.740754,
1680.000000,0.488021,12.480175,3.896116,8.867435,3.923614,8.753025,
1682.500000,0.491219,12.500239,3.901229,8.879321,3.929957,8.765280,
1685.000000,0.494465,12.520281,3.906418,8.891197,3.936380,8.777515,
1687.500000,0.497759,12.540298,3.911683,8.903063,3.942886,8.789729,
1690.000000,0.501101,12.560290,3.917026,8.914913,3.949474,8.801919,
